Пример 1 - неориентированный связный граф, вершин 10, одна компонента связности.
 0 0 0 1 0 1 0 0 0 0
 0 0 1 1 0 1 1 1 0 0
 0 1 0 1 0 0 0 0 1 0
 1 1 1 0 0 1 0 0 1 0
 0 0 0 0 0 0 0 1 0 0
 1 1 0 1 0 0 1 0 0 1
 0 1 0 0 0 1 0 0 0 0
 0 1 0 0 1 0 0 0 0 1
 0 0 1 1 0 0 0 0 0 0
 0 0 0 0 0 1 0 1 0 0
Пример 2 - неориентированый граф, вершин 9, три компоненты связности:
0 1 0 0 0 0 0 0 0
1 0 1 1 0 0 0 0 0
0 1 0 0 0 0 0 0 0
0 1 0 0 1 0 0 0 0
0 0 0 1 0 0 0 0 0
0 0 0 0 0 0 1 1 0
0 0 0 0 0 1 0 0 0
0 0 0 0 0 1 0 0 0
0 0 0 0 0 0 0 0 0

Пример 3 - орграф, 10 вершин. 4 сильные компоненты связности
0 0 0 0 1 0 0 1 0 0
0 0 0 0 1 0 0 0 1 0
0 1 0 0 0 0 0 1 1 0
0 0 0 0 0 0 1 0 0 0
0 0 1 0 0 0 0 0 0 0
0 1 0 1 0 0 0 0 1 0
0 1 0 0 0 1 0 0 0 0
0 1 0 0 0 0 0 0 0 1
0 0 1 0 0 0 0 0 0 0
0 0 0 0 0 0 0 0 0 0

